0 0.000000 0.000000
0 0.000240 0.000073
1 0.000001 0.000001
2 0.000001 0.000001
3 0.000001 0.000001
4 0.000001 0.000000
5 0.000001 0.000000
6 0.000002 0.000001
7 0.000002 0.000001
8 0.000002 0.000001
9 0.000003 0.000001
10 0.000003 0.000001
11 0.000004 0.000001
12 0.000003 0.000000
13 0.000004 0.000000
14 0.000005 0.000001
15 0.000006 0.000001
16 0.000006 0.000001
17 0.000007 0.000001
18 0.000008 0.000001
19 0.000009 0.000001
20 0.000010 0.000001
21 0.000011 0.000002
22 0.000012 0.000001
23 0.000012 0.000001
24 0.000013 0.000001
25 0.000014 0.000001
26 0.000016 0.000001
27 0.000016 0.000001
28 0.000018 0.000001
29 0.000019 0.000002
30 0.000020 0.000001
31 0.000022 0.000001
32 0.000023 0.000001
33 0.000024 0.000001
34 0.000026 0.000001
35 0.000028 0.000001
36 0.000032 0.000001
37 0.000031 0.000001
38 0.000033 0.000001
39 0.000035 0.000001
40 0.000035 0.000001
41 0.000037 0.000001
42 0.000039 0.000001
43 0.000041 0.000001
44 0.000043 0.000001
45 0.000045 0.000002
46 0.000047 0.000001
47 0.000049 0.000001
48 0.000051 0.000001
49 0.000053 0.000002
50 0.000056 0.000001
51 0.000057 0.000002
52 0.000061 0.000002
53 0.000063 0.000002
54 0.000063 0.000001
55 0.000067 0.000001
56 0.000068 0.000001
57 0.001288 0.000002
58 0.000075 0.000001
59 0.000076 0.000002
60 0.000080 0.000002
61 0.000083 0.000002
62 0.000086 0.000002
63 0.000089 0.000002
64 0.000091 0.000001
65 0.000094 0.000002
66 0.000095 0.000002
67 0.000100 0.000002
68 0.000103 0.000002
69 0.000106 0.000002
70 0.000108 0.000002
71 0.000112 0.000002
72 0.000114 0.000002
73 0.000120 0.000002
74 0.000122 0.000002
75 0.000124 0.000002
76 0.000128 0.000002
77 0.000132 0.000002
78 0.000134 0.000002
79 0.000137 0.000002
80 0.000142 0.000002
81 0.000145 0.000002
82 0.000148 0.000002
83 0.000153 0.000002
84 0.000157 0.000002
85 0.000160 0.000002
86 0.000165 0.000002
87 0.000168 0.000002
88 0.000171 0.000003
89 0.000175 0.000002
90 0.000180 0.000002
91 0.000181 0.000003
92 0.000186 0.000002
93 0.000188 0.000003
94 0.000196 0.000003
95 0.000200 0.000003
96 0.000202 0.000002
97 0.000209 0.000002
98 0.000213 0.000002
99 0.000218 0.000003
